Enemies: [3, 4, 6, 7]
Fitness: [-5.6937321388027, 30.435479592677307, 39.5750499825186, 48.31982739098293]
Playerlife: [0, 0, 0, 0]
Enemylife: [100, 60.0, 50.0, 40.0]
Time: [297, 261, 227, 293]

